Rook Magic Numbers:
36028935531692049
2323875000446107658
72066459940954112
2918341356777635844
2341874555145946112
13871089051349550080
108088040357888256
144117388175507716
1266639546875936
144819012981800960
141287781044224
141287512606720
6917670314952361984
72198348714541568
141287260946944
281477140971586
180144809730637889
9223442680478961664
143486535868416
143486401646592
2305861701045649412
1126449729896576
141287277723904
2199027483649
9042939825111040
22518278383476736
576478346639048832
1179951900612624512
73187894147155968
288232577330840576
281479271809028
288230934497476868
9232520248484167712
35186662195204
11817480608748146688
290622947821883392
2305983781070177280
185210556184004624
281492173357568
844426020651138
612489686765551616
9227875920486940672
333266922449698856
2305860605696868360
1125968760602880
9295993130669080578
8804699996176
281754158104580
70370891669632
6917564213086945408
140806209929344
140771849142400
362680524672073856
562958610497664
81205535076122752
1152922621839442432
576479445076967425
18033091280904321
35188701139265
9011734891204609
9259682318648348677
288511859852836865
667095697086218498
571377713186
Bishop Magic Numbers:
4613973279647006976
19157899196565649
1155182101729902592
29559274929684480
576760094344085504
288802130922307968
282643476512832
13835077880918574080
1157496606867325088
8804750327844
149542177735712
4611972170625581576
576461921608534016
4612038421848784897
2306971116760991744
2305844128062146564
4629700571718746368
9008316013609056
5769111157023449632
1153906701419298960
281509873844384
70403238268930
2814822915932672
281476067266688
634426933905409
565149245376592
606930620924932
73187891995480192
9223517181256409088
2251937823195392
2253998843363844
72374391366879264
20301675021994052
45617655106766912
4612249526727606312
106103409476096
2883434076650344704
2260634699862016
11530349819377787008
285943890190848
2252938517416064
2306971113780937792
9301869578945536
4503874778186240
18023198964596800
4538818361360448
2269980511469632
74381962860576832
1130302316482561
2305913662232068096
54062989221036032
2341890499037757440
2305846617257026560
4614518369777942536
4505867437248512
2269394424102913
108106191160360960
22589468574745088
76701950548150272
2305843009222345760
290272152027648
17315152128
10206285421150464
18015669828223104
